[[1.00000000000000000000e+000, 7.68424086775712722464e-001, 9.62089316803042104986e-001, 9.23704245589105021885e-001, 7.94521534350240532518e-001, 7.46856292002027966070e-001, 7.51945990507880801523e-001, 8.66303823773351688864e-001, 5.71326439567947153009e-001, 3.47854220762296661995e-001, 5.66725278694211964670e-001, 4.59106828758845286753e-001, 2.79854737783712115284e-001, 3.10359958416971781769e-001, 4.03874475777516672714e-001, 4.94261582656155495918e-001, 2.95170454464015796781e-001, 2.78838400056841406727e-001, 1.35335283236612702318e-001, 2.07937194544666886786e-001, 
3.15067611411018855261e-001, 3.42468115968657449422e-001, 3.58982172181639247466e-001, 2.54891667330891580345e-001, 2.23184892241410220981e-001, 3.01523922691532053619e-001, 3.67938044774139161319e-001, 1.35334724257153538041e-001, 3.07107580127406964987e-001, 8.20849986238987999743e-002, 1.84772741695706843590e-001, 3.57008960567083477589e-001, 2.23182832190431362784e-001, 4.98717239670987799727e-001, 2.89005631744712498943e-001, 1.35335283236612730073e-001, 1.35351063802668813985e-001, 3.69741354170051217398e-001, 2.23828150519473190183e-001, 1.20202307718667175673e-001, 
1.35335283236612702318e-001, 1.57829137531517865733e-001, 2.23133949812164111837e-001, 1.71714185748605085990e-001, 3.67877930765604377328e-001, 4.82800415147075001610e-001, 2.23114326212685787354e-001, 2.72695625528542984206e-001, 3.20314792614329824083e-001, 2.23130160148429790290e-001, 2.23192999780405493260e-001, 1.70332627387883933645e-001, 3.35697481755950710713e-001, 2.23130160148429790290e-001, 3.67879441171442389535e-001, 3.67873944821379250669e-001, 4.05392317755002007384e-001, 3.68129372431160395429e-001, 4.71059620571416703960e-001, 1.45702082642246488753e-001, 
2.68622606815099695954e-001, 2.63810331405540887673e-001, 3.68037301883323286766e-001, 2.56069243458847572992e-001, 6.06567519807876154303e-001, 3.68238184030891535503e-001, 6.06857789202285280439e-001, 1.35335394214642246169e-001],
[7.68424086775712722464e-001, 1.00000000000000000000e+000, 8.84436674022733626543e-001, 9.13042379558878791634e-001, 8.26369757976742169703e-001, 7.12040531319452663084e-001, 7.17331784053196530593e-001, 8.71817157765068073694e-001, 5.19634767470766867348e-001, 3.04134399876797911766e-001, 5.36637441958081606863e-001, 4.03527295683263675929e-001, 3.62481550718013578738e-001, 3.59030022184928354623e-001, 5.84334656320593004430e-001, 5.96319249814051488556e-001, 4.22290397060325617407e-001, 4.46188551469121841286e-001, 2.29232241404720010758e-001, 3.17153776073658189016e-001, 
4.95394215126999826193e-001, 5.64795607141398980922e-001, 5.33541549200605480507e-001, 3.99515839409934458981e-001, 2.02841273504258678972e-001, 3.10575054418162688208e-001, 3.34424826755909454512e-001, 1.71971824004945067488e-001, 3.24468174253291663511e-001, 1.94040903104809009383e-001, 2.58759361070698634677e-001, 2.85960035292997682976e-001, 2.83137442930631977323e-001, 4.79768178374735954073e-001, 4.29022418911048530887e-001, 3.19919364334761258117e-001, 2.70544189379790134264e-001, 5.27858053188656195509e-001, 4.46615241076747437887e-001, 2.60695689564413690675e-001, 
3.19919364334761258117e-001, 2.72986075574940367794e-001, 4.46290177572968571607e-001, 3.59810728853173888986e-001, 3.95184509727119492872e-001, 4.81123009187895744887e-001, 2.39822568634299126966e-001, 3.12452100981720160000e-001, 4.76700504658169488259e-001, 3.77940072334228494011e-001, 2.83103041067364558092e-001, 2.77442374012622727797e-001, 3.86854729549519549270e-001, 5.27457860887584839560e-001, 6.23117836307387595873e-001, 3.95895467539336354257e-001, 3.44615125398599286832e-001, 4.67372230972904478818e-001, 5.30668501610470633167e-001, 2.90067342764903035590e-001, 
3.76376275525865444660e-001, 3.21204544127733526704e-001, 3.35064824783650627715e-001, 4.39305601891042174501e-001, 5.51345741285098167594e-001, 7.35573999354644514348e-001, 8.68862534373209038918e-001, 3.19919463362328904132e-001],
[9.62089316803042104986e-001, 8.84436674022733626543e-001, 1.00000000000000000000e+000, 9.44268587615770149668e-001, 7.91397848066473508233e-001, 7.51670635337392534225e-001, 7.57149998323448980564e-001, 8.92453111195038450987e-001, 5.63453661061786847952e-001, 3.37271993495441568811e-001, 5.68705597747097724159e-001, 4.46153493597366390677e-001, 3.21433345853279206494e-001, 3.39519054504110462389e-001, 4.86544110712034072463e-001, 5.50585839921812758568e-001, 3.71233729262801959159e-001, 3.50822739146305517810e-001, 1.83124393835582321977e-001, 2.68872921147815469034e-001, 
4.12800674533811362554e-001, 4.36547601122722839229e-001, 4.59005720285292573291e-001, 3.33502712378774213153e-001, 2.30915553453438143761e-001, 3.29207267959169769256e-001, 3.80694862902765662760e-001, 1.40132522233861883665e-001, 3.23133230164387108552e-001, 1.11070559402571850116e-001, 2.19565487527712460691e-001, 3.49705052919430714464e-001, 2.30931795267850514808e-001, 5.03977118402069157455e-001, 3.52163995538679608366e-001, 1.83124393835582321977e-001, 1.70310015261542657683e-001, 4.64596718623406901294e-001, 2.81427624438661760919e-001, 1.56691089111411968604e-001, 
1.83124393835582321977e-001, 1.86654264331083619144e-001, 2.80842800094998956695e-001, 2.20526406675444486272e-001, 3.54188326515539664285e-001, 4.72126789508423350128e-001, 2.14869289369132659973e-001, 2.69986499461331352911e-001, 3.54922355430428104750e-001, 3.01921083300792036930e-001, 2.30925681409807320721e-001, 1.96259767285276470750e-001, 3.33190500992177063289e-001, 3.01921083300792036930e-001, 4.97783712110841103371e-001, 3.54460529462482687446e-001, 4.07462966677907212354e-001, 3.81034094614644547327e-001, 5.34554067614407490971e-001, 1.92039670358956277019e-001, 
2.90007929154695975882e-001, 3.09616425455012334034e-001, 3.81067175855637430004e-001, 3.01732130147953525601e-001, 6.27611024974138009824e-001, 4.63219651774400831279e-001, 7.63487205626698139938e-001, 1.83124503705515084828e-001],
[9.23704245589105021885e-001, 9.13042379558878791634e-001, 9.44268587615770149668e-001, 1.00000000000000000000e+000, 9.41845302898450809082e-001, 7.98735681471193226244e-001, 8.04106418791555532799e-001, 9.43604168945819776759e-001, 6.01345043003534196480e-001, 3.61268992475242467499e-001, 6.04695160072635906623e-001, 4.77664431253466859051e-001, 3.32021790934331040290e-001, 3.54385822592155119715e-001, 4.97457489229164384614e-001, 5.72466545456618458587e-001, 3.36524448361782135830e-001, 3.55367266113193913668e-001, 1.63292889339229335688e-001, 2.42218874177697968131e-001, 
3.70777292646850276103e-001, 4.40904040632006388734e-001, 4.14548483588793093002e-001, 2.99643999892316437172e-001, 2.18103350728438283301e-001, 3.07486443783846097322e-001, 3.59569753943413061847e-001, 1.84688416667136728888e-001, 3.39989314637875239544e-001, 1.38224446630242969736e-001, 2.24975058457815596524e-001, 3.34397069707294880558e-001, 3.04403960815543161988e-001, 5.34845915831868801149e-001, 3.58901760226974508861e-001, 2.27893585290036337909e-001, 2.15442148507666103585e-001, 4.21241143438799148235e-001, 3.56063081225569955102e-001, 1.96642891984055823151e-001, 
2.27893585290036282398e-001, 2.39090922635946806496e-001, 3.55244260399434241826e-001, 2.77685299185583933657e-001, 4.74513352345607208882e-001, 5.64071034771835400079e-001, 2.87845981537900419411e-001, 3.59436512989685097441e-001, 4.61385418060715646327e-001, 2.69224460007669585959e-001, 3.04400613666801433954e-001, 2.52901520729724715864e-001, 4.43332109590929113185e-001, 3.75733001523796683596e-001, 4.43876093807400950997e-001, 4.74799141033630023312e-001, 3.87372479522399837393e-001, 5.02227453746138974289e-001, 4.95171606820619059075e-001, 2.15124942919985517875e-001, 
3.79106257850777894625e-001, 2.84639925848335362257e-001, 3.59866870184985254699e-001, 3.86916795841915128751e-001, 5.92781604013609020321e-001, 5.86007916904742742759e-001, 6.92055984818220282229e-001, 2.27893732772149054666e-001],
[7.94521534350240532518e-001, 8.26369757976742169703e-001, 7.91397848066473508233e-001, 9.41845302898450809082e-001, 1.00000000000000000000e+000, 7.56232754839991749840e-001, 7.61232205661541261321e-001, 8.86423827220025439821e-001, 5.73241563474229831598e-001, 3.46359569267055078523e-001, 5.73082797579387515086e-001, 4.57601772689693431229e-001, 3.00710927095741153980e-001, 3.26262036158466994795e-001, 4.43383559301861684965e-001, 5.23837837892397573114e-001, 2.64547983045769707910e-001, 3.12152092400665492899e-001, 1.25262359395415301400e-001, 1.88653188731788962196e-001, 
2.87510365673315004820e-001, 3.85595768039440345287e-001, 3.24087286287930376183e-001, 2.32457993100529780595e-001, 1.83089577397067715392e-001, 2.53492628632157379620e-001, 3.01842064165516732466e-001, 2.16317240755808049002e-001, 3.17139254115171520532e-001, 1.47979992611892735566e-001, 2.01460713943138969295e-001, 2.85904506802432012424e-001, 3.56619268141789735882e-001, 5.05714980277766068539e-001, 3.18688278886363585141e-001, 2.43977761457275371670e-001, 2.36327793152535631238e-001, 3.31246831607989233870e-001, 3.90679631965185847342e-001, 2.13167898671438038605e-001, 
2.43977761457275371670e-001, 2.67809578664842340423e-001, 3.89646966923474280531e-001, 3.02527682294355837467e-001, 5.69482276266674025678e-001, 6.02619590442728614299e-001, 3.45424545491550882836e-001, 4.27357802313944212802e-001, 5.28198366381216422027e-001, 2.06522716353305268999e-001, 3.56623974082239669769e-001, 2.85758449910520850867e-001, 5.26667876143668944877e-001, 4.02251324892411832312e-001, 3.40498395334463577200e-001, 5.69676114616262885271e-001, 3.28352798122719780061e-001, 5.88312088966059465456e-001, 4.02960454876325424589e-001, 2.07909492132214157589e-001, 
4.37810435244181117564e-001, 2.29038613699985238448e-001, 3.02019661900964409007e-001, 4.33910809806638320119e-001, 4.97609056579918884733e-001, 6.42877191739957387639e-001, 5.43978712098279193476e-001, 2.43977937381728737787e-001],
[7.46856292002027966070e-001, 7.12040531319452663084e-001, 7.51670635337392534225e-001, 7.98735681471193226244e-001, 7.56232754839991749840e-001, 1.00000000000000000000e+000, 7.85095617689605340672e-001, 9.42415864893135335478e-001, 9.43239356577990628594e-001, 5.68229105406895529384e-001, 4.85642652774387284520e-001, 6.01373171077999479905e-001, 5.08288993503287711562e-001, 5.46749244545163493036e-001, 3.88027070776956639619e-001, 4.52153382860721875236e-001, 4.06560112731921885487e-001, 4.29298239654016255962e-001, 2.32884077046546900114e-001, 3.57805912054678154632e-001, 
2.78351941113891665491e-001, 3.38107493303089812198e-001, 3.17141190426104890854e-001, 3.51208762985366573783e-001, 3.24677195955694219975e-001, 4.63228552865305731601e-001, 2.74814127077667558208e-001, 2.74896899423454410538e-001, 5.17238563830374031838e-001, 1.97132115237919708362e-001, 3.27579063652094548686e-001, 5.19393067946216757669e-001, 2.32650717800550022041e-001, 4.19062760678577395090e-001, 2.67230139253159471036e-001, 3.25015911530867229740e-001, 3.25032885339034904870e-001, 6.35679465444563884802e-001, 5.37230412636849674612e-001, 2.88663611618306115147e-001, 
1.66868732937929614701e-001, 2.78976046838560531871e-001, 2.75111180604658278614e-001, 3.30199060381532516484e-001, 3.83589584187900178858e-001, 4.52784082134094101324e-001, 4.52995619311100106152e-001, 4.43336517350183145769e-001, 3.64722333612394089553e-001, 3.83960931434009444807e-001, 4.53142874438196341380e-001, 3.78369840764596010452e-001, 3.49919938435614474859e-001, 2.75120029409543664922e-001, 3.25015911530867229740e-001, 7.47525943000503234614e-001, 4.72229115371324836836e-001, 3.83831621686838098118e-001, 3.80776955289449714481e-001, 3.13110038510396093692e-001, 
4.69344190539049799238e-001, 3.32527986085967341978e-001, 5.35653131121984094065e-001, 2.94668295946527880602e-001, 4.53051168526153014149e-001, 4.53943911969238556026e-001, 5.36077110881005292065e-001, 1.66868846791549563235e-001],
[7.51945990507880801523e-001, 7.17331784053196530593e-001, 7.57149998323448980564e-001, 8.04106418791555532799e-001, 7.61232205661541261321e-001, 7.85095617689605340672e-001, 1.00000000000000000000e+000, 8.16024884500711977786e-001, 6.70992388487333557556e-001, 4.08102939720438040450e-001, 4.76988650349101983572e-001, 4.82081989250462028540e-001, 3.30374889644270863798e-001, 3.65854989461872726064e-001, 3.42230881360763461441e-001, 4.17629571637557539532e-001, 2.80223999908092824551e-001, 2.95839776105419449692e-001, 2.58708390933675702605e-001, 2.75038599437631703370e-001, 
3.32272062816490909576e-001, 3.23059432728145912161e-001, 3.10676457866410071773e-001, 3.32008287470869134506e-001, 4.22376095140115037641e-001, 4.36666483122753357193e-001, 4.98961280110506555374e-001, 3.57506342893724349263e-001, 4.71573108397680018644e-001, 2.18991925001213089130e-001, 3.92824139408158801157e-001, 4.32882349866226368018e-001, 4.22375714985527506151e-001, 5.72396235997154834152e-001, 4.40655243834308818496e-001, 3.61056644861067255192e-001, 2.00343205248836170318e-001, 3.91947961085048979246e-001, 3.31447199493649591329e-001, 2.36975152125777105416e-001, 
2.58708390933675702605e-001, 3.74903165281437078526e-001, 2.37134962942372490291e-001, 2.68379380557224211934e-001, 3.86484531960879229562e-001, 4.82195613601092976097e-001, 3.29075045025691292899e-001, 4.50583468406420939445e-001, 3.38002274619248699317e-001, 4.26538027040955336489e-001, 5.89482327917293047470e-001, 3.37410113538314127002e-001, 4.53421784366414837297e-001, 4.26538027040955336489e-001, 5.03895139728001040247e-001, 5.39027626179439223186e-001, 5.42686654044699623434e-001, 6.96514951108074265029e-001, 4.87244902029642656949e-001, 2.81081236192822381259e-001, 
3.53553204900334039351e-001, 4.48905411399764864289e-001, 6.96450658199875172194e-001, 3.88387546731289501345e-001, 8.22615251403846392542e-001, 3.90398436192104014708e-001, 4.61053244517675875347e-001, 2.58708600978929281755e-001],
[8.66303823773351688864e-001, 8.71817157765068073694e-001, 8.92453111195038450987e-001, 9.43604168945819776759e-001, 8.86423827220025439821e-001, 9.42415864893135335478e-001, 8.16024884500711977786e-001, 1.00000000000000000000e+000, 7.90232263928968281519e-001, 4.73453623425799441371e-001, 5.71027734854035906586e-001, 5.60363369670772604181e-001, 4.47320264435380365864e-001, 4.73651556377709614942e-001, 4.83975438018477921442e-001, 5.49879155854361312272e-001, 4.11715313572581786961e-001, 4.34793258416756145390e-001, 2.11262468008551473897e-001, 3.24403860704597091225e-001, 
3.52264477563929201409e-001, 4.27740612866086111765e-001, 4.01230953061187389785e-001, 3.55895618208613651046e-001, 2.70091107551006293086e-001, 3.96184223656256995216e-001, 3.19055351942828302469e-001, 2.28736843325232891422e-001, 4.37989728220782859047e-001, 1.78829818324526851336e-001, 2.84962572880590847557e-001, 4.31800842504152626589e-001, 2.70108834466124048124e-001, 4.88006334757360493715e-001, 3.27073379290731103275e-001, 2.94840525307086931406e-001, 2.94588717108164532821e-001, 5.75891505141925108546e-001, 4.86784056565992717669e-001, 2.61741396655112590341e-001, 
2.11262468008551473897e-001, 2.70784472285111432743e-001, 3.47989861723585924835e-001, 3.34528663020744410073e-001, 4.45024411227146865500e-001, 5.26731955086976011415e-001, 3.76517308744359791017e-001, 4.11929967858602030795e-001, 4.42786379716728184519e-001, 3.48312924706304150035e-001, 3.76959824792163000762e-001, 3.29562173189325013922e-001, 4.06044878612585924404e-001, 3.48312924706304150035e-001, 4.11483100537480162018e-001, 6.21582812948017759958e-001, 4.38848772978134238354e-001, 4.45681735256144628821e-001, 4.60286418874311598071e-001, 2.83947805277232623311e-001, 
4.52453137468919353026e-001, 3.21968186704339798254e-001, 4.45705221240407067906e-001, 3.59887199027510040761e-001, 5.25988445549064764784e-001, 5.74147258153371309319e-001, 6.78054854491788816517e-001, 2.11262597143387215182e-001],
[5.71326439567947153009e-001, 5.19634767470766867348e-001, 5.63453661061786847952e-001, 6.01345043003534196480e-001, 5.73241563474229831598e-001, 9.43239356577990628594e-001, 6.70992388487333557556e-001, 7.90232263928968281519e-001, 1.00000000000000000000e+000, 6.05319652892756909779e-001, 3.67104609538380810552e-001, 5.72892423520110272150e-001, 5.16137130075242200888e-001, 5.62900783150227956853e-001, 2.78543361654270626993e-001, 3.31844196939256042000e-001, 3.60074806617457832125e-001, 3.80173679532373687273e-001, 2.30657288506737778722e-001, 3.54195736585739107127e-001, 
1.97465850169240147993e-001, 2.39780445391683777467e-001, 2.24919795099154773421e-001, 3.11147333798418412876e-001, 3.46924692434314618783e-001, 4.82727551571259350105e-001, 2.10404252755035436895e-001, 2.93669626682831752529e-001, 5.43659832521058650201e-001, 1.95247179433775452928e-001, 3.36585204167712037648e-001, 5.54598547194915636460e-001, 1.78120255192226517593e-001, 3.19743875362460405753e-001, 1.95349968201042500926e-001, 3.21908177776670245684e-001, 3.21652682170081638535e-001, 6.29304315966758287537e-001, 5.31765362189416057603e-001, 2.85779265634326873347e-001, 
1.18423400548998733472e-001, 2.56848792852814311605e-001, 1.95074997245264503132e-001, 2.92469972732681493532e-001, 2.93387729845141886909e-001, 3.45544674361521808592e-001, 4.83609492020040665494e-001, 4.23667322717422301093e-001, 2.68081975983577192046e-001, 3.80289577803074818618e-001, 4.84191674230026181114e-001, 3.88025188959292888224e-001, 2.67775198916824552775e-001, 1.95247179433775452928e-001, 2.30657288506737889744e-001, 7.97737195589423908615e-001, 4.51366653815401586147e-001, 2.93836550884251312965e-001, 2.81188380945832316904e-001, 3.10020367146064734776e-001, 
4.34004784590309777847e-001, 3.06815954935442336549e-001, 5.72235060004732565275e-001, 2.15674235259029040135e-001, 3.46865462739967267414e-001, 3.21903190053415277916e-001, 3.80133425330571650402e-001, 1.18423488717844013762e-001],
[3.47854220762296661995e-001, 3.04134399876797911766e-001, 3.37271993495441568811e-001, 3.61268992475242467499e-001, 3.46359569267055078523e-001, 5.68229105406895529384e-001, 4.08102939720438040450e-001, 4.73453623425799441371e-001, 6.05319652892756909779e-001, 1.00000000000000000000e+000, 6.01570593741618586670e-001, 9.45925937895960133872e-001, 8.19306363595766806718e-001, 9.03862372918523337972e-001, 4.37213079078992261639e-001, 5.30575139183135591203e-001, 5.59499115561836624089e-001, 5.90678515066268006173e-001, 3.58095332106329433675e-001, 5.50142530918531380557e-001, 
3.06665845647501489335e-001, 3.72485462648926957119e-001, 3.49389617058453727516e-001, 4.83220750769300932959e-001, 5.73749355536766092456e-001, 7.82378782320735211009e-001, 3.47967628624868352549e-001, 4.85587354609663790495e-001, 8.87573301490173105499e-001, 3.03121154396642999984e-001, 5.38785091876603283723e-001, 9.17678564372087501866e-001, 2.94572521446612722862e-001, 5.27643530226269308336e-001, 3.10858584936070769800e-001, 1.83852273749050915130e-001, 4.99737216082050905719e-001, 3.59796332979654798212e-001, 3.03992275327852334854e-001, 4.43841661650929031335e-001, 
1.83852273749050915130e-001, 4.11610879510442562168e-001, 3.03076706934842010632e-001, 4.54300022588780327837e-001, 4.85498772842742842837e-001, 5.70669383825380127639e-001, 8.00359948089315320630e-001, 7.00965753917922262950e-001, 4.29167933401111978409e-001, 2.17195798022466551869e-001, 2.94583762516640867979e-001, 6.20579598950984023809e-001, 4.43033798454699978553e-001, 1.11512040886679528184e-001, 1.31735910661378491371e-001, 4.85538462374341062144e-001, 7.46691381505867224355e-001, 1.78753276952941186906e-001, 4.51549949503423364572e-001, 4.81434859148575311494e-001, 
6.99053322649620278995e-001, 4.92571847734344647751e-001, 3.48088716180895429986e-001, 3.43746163599070564398e-001, 2.11032559695477989203e-001, 1.83996295335121962111e-001, 2.17274037534031849717e-001, 1.83852420162277568894e-001],
[5.66725278694211964670e-001, 5.36637441958081606863e-001, 5.68705597747097724159e-001, 6.04695160072635906623e-001, 5.73082797579387515086e-001, 4.85642652774387284520e-001, 4.76988650349101983572e-001, 5.71027734854035906586e-001, 3.67104609538380810552e-001, 6.01570593741618586670e-001, 1.00000000000000000000e+000, 7.95018106996254858565e-001, 5.34405116378507627495e-001, 5.75986820938053312169e-001, 7.93059802883719910938e-001, 9.27081438815143488164e-001, 5.31848320141679598017e-001, 5.61585169316218490998e-001, 2.43946778206225622920e-001, 3.74796495331514878391e-001, 
5.67902747942169439099e-001, 6.89811267173024877941e-001, 6.47036362544982757150e-001, 4.59436062021600866156e-001, 3.43845933689473359784e-001, 4.88828744513882029743e-001, 5.66865933653952103199e-001, 2.91117515106321278484e-001, 5.46505179885571013010e-001, 2.06496489597513960268e-001, 3.44964048103972908965e-001, 5.50042736972387480421e-001, 4.79893380141671932471e-001, 8.64021872495365328426e-001, 5.47554488780713888296e-001, 1.25246452063923069398e-001, 3.40464133528910306570e-001, 2.44969081725346038425e-001, 2.07025819907976610379e-001, 3.02371996311571022975e-001, 
3.40455154724328967752e-001, 3.66960381989017814242e-001, 5.61282592584982920059e-001, 4.31949068296474170126e-001, 7.91200111702744290909e-001, 9.33614405750696541020e-001, 4.79724878894402795293e-001, 5.86336180748682989083e-001, 7.47978731749296188447e-001, 1.47961200320193497770e-001, 1.76543852198327549941e-001, 3.98358809835762217588e-001, 7.21777069145447702780e-001, 2.06496489597513960268e-001, 2.43946778206225622920e-001, 2.91210049540382098776e-001, 6.24553338435361315994e-001, 2.91259648734205844889e-001, 7.81388539482899435740e-001, 3.27980516836556323934e-001, 
6.17815396549277862093e-001, 4.37538238096128073717e-001, 2.08683404300228358963e-001, 6.03905455384638134575e-001, 3.43790470361729605386e-001, 3.40710491501694745509e-001, 4.02354168409714829657e-001, 3.40455390072913255395e-001],
[4.59106828758845286753e-001, 4.03527295683263675929e-001, 4.46153493597366390677e-001, 4.77664431253466859051e-001, 4.57601772689693431229e-001, 6.01373171077999479905e-001, 4.82081989250462028540e-001, 5.60363369670772604181e-001, 5.72892423520110272150e-001, 9.45925937895960133872e-001, 7.95018106996254858565e-001, 1.00000000000000000000e+000, 7.79132618160086942716e-001, 8.58228842065563046759e-001, 5.81129463008623448061e-001, 7.03493113780998768902e-001, 5.96285624007121706214e-001, 6.29522285873062581452e-001, 3.41583194983461457817e-001, 5.24706469945379727626e-001, 
4.08214014741305641909e-001, 4.95789650932315639764e-001, 4.65052428025041098003e-001, 5.15058408811366441604e-001, 5.42705826222245168999e-001, 7.42002311327112806794e-001, 4.59352731817914972101e-001, 4.59325045692577205170e-001, 8.40944312385626724371e-001, 2.89143932083247401366e-001, 5.11851567819289421379e-001, 8.67894048933333994711e-001, 3.88866389972306547573e-001, 6.96708945035406257418e-001, 4.12475804038834215071e-001, 1.75374659878356986553e-001, 4.76594033923314897017e-001, 3.43119577277704146390e-001, 2.89906874275475512359e-001, 4.23330161548555183870e-001, 
2.44755054371481844955e-001, 4.36923272088366843047e-001, 4.03389821087950961598e-001, 4.84206327292858285105e-001, 6.40785762848924522750e-001, 7.53406682402572025481e-001, 7.56902286557311287929e-001, 7.40867072944397464518e-001, 5.68941229908208723209e-001, 2.07180680600067917974e-001, 2.78644973629619541189e-001, 5.89594077342206257519e-001, 5.84780153836944260881e-001, 1.48451444595936343784e-001, 1.75374659878356986553e-001, 4.59192914779529781644e-001, 7.89228268194494098076e-001, 2.35975542438027541259e-001, 5.98400422015221034044e-001, 4.59200778155432920435e-001, 
7.41458568584275057312e-001, 5.22737623680287755157e-001, 3.29262647711377753890e-001, 4.55998176949343636544e-001, 2.78584611597845699382e-001, 2.44893703727603440079e-001, 2.89186480063240936023e-001, 2.44755247596063124638e-001],
[2.79854737783712115284e-001, 3.62481550718013578738e-001, 3.21433345853279206494e-001, 3.32021790934331040290e-001, 3.00710927095741153980e-001, 5.08288993503287711562e-001, 3.30374889644270863798e-001, 4.47320264435380365864e-001, 5.16137130075242200888e-001, 8.19306363595766806718e-001, 5.34405116378507627495e-001, 7.79132618160086942716e-001, 1.00000000000000000000e+000, 9.83623303832601436625e-001, 5.97021818657253677820e-001, 6.02598432512522430571e-001, 8.45218222931399032483e-001, 8.93090321169932255252e-001, 5.41625192683590106490e-001, 8.32119294861412339692e-001, 
4.63848646607254611052e-001, 5.63399339512912433747e-001, 5.28461225459113226322e-001, 7.30897007712815405256e-001, 4.61569154356009092588e-001, 7.72704044807309919918e-001, 2.79949559060944153099e-001, 3.91351229737388339736e-001, 8.15649674817009007199e-001, 4.58475827347016584579e-001, 6.00348876431103684048e-001, 7.38569530301436127928e-001, 2.37021321021298941867e-001, 4.35360129613239332791e-001, 3.67474170338939365443e-001, 2.78079646023081383799e-001, 7.55846868450649411741e-001, 5.42491916190367073902e-001, 4.58911119217357499345e-001, 6.71311570506254784441e-001, 
2.78079646023081383799e-001, 4.53517401741973691376e-001, 4.58425963357411925259e-001, 6.87163250507523692967e-001, 3.91137350410306172677e-001, 4.68644339521679775817e-001, 6.44096904853493357201e-001, 5.64053992475324061928e-001, 4.81332136921220121728e-001, 3.28512285435360040786e-001, 2.36992045874078238743e-001, 7.00182540044177459393e-001, 3.56452041971840327683e-001, 1.68663831155035137677e-001, 1.99252773208813876993e-001, 3.91964229733258340271e-001, 6.00751604814263151511e-001, 1.43950311714305057009e-001, 4.89033953409732269346e-001, 7.28190417330892403314e-001, 
7.37570872062340843200e-001, 5.33044747376763883295e-001, 2.80526845684545722559e-001, 4.01099236458100083524e-001, 1.69787018075304774190e-001, 2.78141606034036259487e-001, 3.28536915571712717643e-001, 2.78079723509189857822e-001],
[3.10359958416971781769e-001, 3.59030022184928354623e-001, 3.39519054504110462389e-001, 3.54385822592155119715e-001, 3.26262036158466994795e-001, 5.46749244545163493036e-001, 3.65854989461872726064e-001, 4.73651556377709614942e-001, 5.62900783150227956853e-001, 9.03862372918523337972e-001, 5.75986820938053312169e-001, 8.58228842065563046759e-001, 9.83623303832601436625e-001, 1.00000000000000000000e+000, 5.68576272701885598870e-001, 6.05143409475605520420e-001, 7.81879041867627799789e-001, 8.25958529393584495182e-001, 5.01146868772969655836e-001, 7.69650532579255530763e-001, 
4.29071000319122208833e-001, 5.21046481630653923744e-001, 4.88747881039675535764e-001, 6.76089928435668396922e-001, 5.12182075392624613919e-001, 8.08063369863321279141e-001, 3.10641742940196308176e-001, 4.34038720177170656012e-001, 8.70808478996245693970e-001, 4.24211665902473555878e-001, 6.06554248131896289742e-001, 8.19101450636049333021e-001, 2.62997614880101371337e-001, 4.79462427237522081924e-001, 3.65007879787245081982e-001, 2.57297381577622552573e-001, 6.98962615566623757246e-001, 5.02115238355926085667e-001, 4.24606547058402339356e-001, 6.20960477148922218582e-001, 
2.57297381577622552573e-001, 4.59689778841971485868e-001, 4.23919245394255461701e-001, 6.35539614767166916032e-001, 4.33599128760473129240e-001, 5.16694363265606804170e-001, 7.14248992587958042577e-001, 6.25642027778788856196e-001, 4.85118531160900645638e-001, 3.03960940929789757980e-001, 2.62977362627584088095e-001, 7.04679989367006487377e-001, 3.95395947054257734798e-001, 1.56058750590608558140e-001, 1.84361630029018175314e-001, 4.34261660308710772949e-001, 6.66456990781876812413e-001, 1.59688002832639147632e-001, 4.98017981970962253513e-001, 6.73626571851298039384e-001, 
7.56556456343717376178e-001, 5.43104594950314489843e-001, 3.11128909549098942033e-001, 3.99813753285814865723e-001, 1.88399819371750931740e-001, 2.57248967596548638870e-001, 3.03834802797434411215e-001, 2.57297491615070206272e-001],
[4.03874475777516672714e-001, 5.84334656320593004430e-001, 4.86544110712034072463e-001, 4.97457489229164384614e-001, 4.43383559301861684965e-001, 3.88027070776956639619e-001, 3.42230881360763461441e-001, 4.83975438018477921442e-001, 2.78543361654270626993e-001, 4.37213079078992261639e-001, 7.93059802883719910938e-001, 5.81129463008623448061e-001, 5.97021818657253677820e-001, 5.68576272701885598870e-001, 1.00000000000000000000e+000, 9.58312128845808630651e-001, 7.47829413720125901754e-001, 7.90377554868082921047e-001, 3.43495699969806445040e-001, 5.27725789267573186514e-001, 
7.99639789681107826524e-001, 9.71251673014232097536e-001, 9.11019469730093178761e-001, 6.46910911338250405045e-001, 2.45049782073273159089e-001, 4.34622611464561992012e-001, 4.04016628042390746334e-001, 2.07876415800422847946e-001, 4.49562367454778177844e-001, 2.90762832602950660466e-001, 3.49347166240242368307e-001, 3.92155436816971458835e-001, 3.42075632055193090686e-001, 6.32782197691161063524e-001, 5.91023287572121858169e-001, 1.76356572678581652314e-001, 4.79346824161355045124e-001, 3.43738042504123375576e-001, 2.90878759791646346322e-001, 4.25738859809724479177e-001, 
4.79386866841505443482e-001, 3.67145249097909243119e-001, 7.90290285516138002464e-001, 6.08203623453539621302e-001, 5.64694570247637583904e-001, 6.80252577968458171931e-001, 3.41985161929015624160e-001, 4.17956719443985602602e-001, 7.62755659971017796472e-001, 2.08340673511139495844e-001, 1.25821320902965355648e-001, 4.08874936044290537840e-001, 5.14428179509820227011e-001, 2.90762832602950660466e-001, 3.43495699969806445040e-001, 2.08297723531089523652e-001, 4.45129835865957945717e-001, 2.07801970613193304205e-001, 7.67372438705120285540e-001, 4.61814905806401387878e-001, 
5.89856053218999809573e-001, 4.29346217096017723769e-001, 1.49007717476123402456e-001, 6.42742620437659950561e-001, 2.45034871973391105149e-001, 4.79413471201657004350e-001, 5.66320247831433420949e-001, 4.79386930537265498753e-001],
[4.94261582656155495918e-001, 5.96319249814051488556e-001, 5.50585839921812758568e-001, 5.72466545456618458587e-001, 5.23837837892397573114e-001, 4.52153382860721875236e-001, 4.17629571637557539532e-001, 5.49879155854361312272e-001, 3.31844196939256042000e-001, 5.30575139183135591203e-001, 9.27081438815143488164e-001, 7.03493113780998768902e-001, 6.02598432512522430571e-001, 6.05143409475605520420e-001, 9.58312128845808630651e-001, 1.00000000000000000000e+000, 6.83959337579431503329e-001, 7.22585284172171493644e-001, 3.13994119818687633661e-001, 4.82383774904476925194e-001, 
7.30940056673918259200e-001, 8.87798094417863392636e-001, 8.32746145445086627390e-001, 5.91332345834580053179e-001, 2.99910878145600134914e-001, 4.83799682752919901763e-001, 4.94452920907714921217e-001, 2.54202827598329850201e-001, 5.17378077415353243573e-001, 2.65790284149632904942e-001, 3.67791215727344245057e-001, 4.79840163445868550518e-001, 4.18622698895196265756e-001, 7.65424204306426658739e-001, 6.05453096578734806243e-001, 1.61209956390485131816e-001, 4.38163286484321179426e-001, 3.14659112882332059336e-001, 2.66121524141934628904e-001, 3.89167233047619576247e-001, 
4.38214095022930794077e-001, 3.88542213358539501034e-001, 7.22372993598378587699e-001, 5.55940819603655045356e-001, 6.90627849280343264482e-001, 8.24627471328354566538e-001, 4.18463528003877982542e-001, 5.11455510375962818514e-001, 8.00578410371806770129e-001, 1.90447060639516274616e-001, 1.53988160540231205919e-001, 4.27974447424491866165e-001, 6.29548926339476455638e-001, 2.65790284149632904942e-001, 3.13994119818687689172e-001, 2.54511525038360164608e-001, 5.44752660287811996120e-001, 2.54203956859550439518e-001, 8.18564386857342785042e-001, 4.22141814623010425134e-001, 
6.36831892626324336248e-001, 4.58162331654661969527e-001, 1.82217790415557023831e-001, 6.62396068396133630429e-001, 2.99879722531597336932e-001, 4.38333931933455156482e-001, 5.17728093266618172308e-001, 4.38214258115163235452e-001],
[2.95170454464015796781e-001, 4.22290397060325617407e-001, 3.71233729262801959159e-001, 3.36524448361782135830e-001, 2.64547983045769707910e-001, 4.06560112731921885487e-001, 2.80223999908092824551e-001, 4.11715313572581786961e-001, 3.60074806617457832125e-001, 5.59499115561836624089e-001, 5.31848320141679598017e-001, 5.96285624007121706214e-001, 8.45218222931399032483e-001, 7.81879041867627799789e-001, 7.47829413720125901754e-001, 6.83959337579431503329e-001, 1.00000000000000000000e+000, 9.45958584484073217169e-001, 5.74743318460478547216e-001, 8.82102287892644998379e-001, 
6.86442967620330635192e-001, 7.45619354902362418969e-001, 7.81622605493211164429e-001, 8.66085722410348091138e-001, 3.49395254291319790063e-001, 6.52266359376148630034e-001, 2.95759710489146121493e-001, 2.12472212577750174667e-001, 5.92725675873852497766e-001, 3.48599444111262202206e-001, 4.84083467115997978514e-001, 5.58509649764272420036e-001, 1.79436493977504135655e-001, 4.16852674406081147307e-001, 4.26820474249427039837e-001, 2.11436250812261139487e-001, 5.73752283236395821397e-001, 5.73750256097753208451e-001, 3.47998820504471950699e-001, 5.09993767590910418441e-001, 
2.95083058747210413841e-001, 3.25270068468814121943e-001, 4.85668824011280753083e-001, 5.83203138603095694315e-001, 2.95821739352987000959e-001, 4.00241701494668700168e-001, 3.48851111741366903818e-001, 3.41597660537528102775e-001, 4.34524643148185674146e-001, 3.48599444111262202206e-001, 1.28544856404260193772e-001, 4.54741795769265821914e-001, 2.69586644067404401781e-001, 1.78976922291967294187e-001, 2.95083058747210413841e-001, 2.12644070391915823715e-001, 5.07885275873114494516e-001, 1.09026001873104433360e-001, 6.05244171169380784647e-001, 6.18379780212578555876e-001, 
5.16026664843722504550e-001, 5.28443510708131114484e-001, 2.12552607750460753611e-001, 3.70221436511330936892e-001, 1.79378878296951399518e-001, 2.94574447053867705115e-001, 4.85670991030935361721e-001, 2.95083059236743383558e-001],
[2.78838400056841406727e-001, 4.46188551469121841286e-001, 3.50822739146305517810e-001, 3.55367266113193913668e-001, 3.12152092400665492899e-001, 4.29298239654016255962e-001, 2.95839776105419449692e-001, 4.34793258416756145390e-001, 3.80173679532373687273e-001, 5.90678515066268006173e-001, 5.61585169316218490998e-001, 6.29522285873062581452e-001, 8.93090321169932255252e-001, 8.25958529393584495182e-001, 7.90377554868082921047e-001, 7.22585284172171493644e-001, 9.45958584484073217169e-001, 1.00000000000000000000e+000, 5.43707587102414957592e-001, 8.34447571220062522812e-001, 
6.49363491485546062698e-001, 7.88222153872986996959e-001, 7.39391399771877733116e-001, 8.19301867132955830009e-001, 3.30076702756978535014e-001, 6.16463458195747882051e-001, 2.79406780818778788245e-001, 2.80134463860034321758e-001, 6.25924134625300054857e-001, 4.60238536166566014618e-001, 5.11421927315716229323e-001, 5.27612650974311869767e-001, 2.36577614027240978878e-001, 4.40099228800266195627e-001, 4.50982742771784850255e-001, 2.79148782966283981466e-001, 7.57464873753942780077e-001, 5.42741696082105762322e-001, 4.59424412727313769000e-001, 6.73304944167703145474e-001, 
3.89583509955406082081e-001, 4.29143474041567496435e-001, 6.41177705601003511404e-001, 7.69951007539255605217e-001, 3.90010191995200317105e-001, 4.72207772465483843760e-001, 4.59923008202371363939e-001, 4.50367210576449239490e-001, 5.73285957665758960644e-001, 3.29775321495991813325e-001, 1.69479597192908199021e-001, 5.99979679821155409414e-001, 3.55427279482077640438e-001, 2.36294343306415716155e-001, 2.79148782966283981466e-001, 2.80350306160058737603e-001, 4.79795658746902276004e-001, 1.43745327740338213474e-001, 5.72136304518785832052e-001, 7.30550193061697217267e-001, 
6.80724850124299396548e-001, 4.99545717445917192290e-001, 2.00801046321478326995e-001, 4.88502592087958931177e-001, 1.69460805095412808674e-001, 3.88895234359191321882e-001, 4.59425555133634089255e-001, 3.89583510165063595654e-001],
[1.35335283236612702318e-001, 2.29232241404720010758e-001, 1.83124393835582321977e-001, 1.63292889339229335688e-001, 1.25262359395415301400e-001, 2.32884077046546900114e-001, 2.58708390933675702605e-001, 2.11262468008551473897e-001, 2.30657288506737778722e-001, 3.58095332106329433675e-001, 2.43946778206225622920e-001, 3.41583194983461457817e-001, 5.41625192683590106490e-001, 5.01146868772969655836e-001, 3.43495699969806445040e-001, 3.13994119818687633661e-001, 5.74743318460478547216e-001, 5.43707587102414957592e-001, 1.00000000000000000000e+000, 8.22884993647258866645e-001, 
5.49773435301868063085e-001, 4.09689334200549315490e-001, 4.47983482980950697971e-001, 8.50187005373620241500e-001, 6.06537907055566538617e-001, 7.16470954290828965227e-001, 3.67919235933490296198e-001, 3.68936775113952564187e-001, 5.96658963821882770695e-001, 6.06530659712633424263e-001, 8.41396954295438703753e-001, 4.56373249702833327923e-001, 2.23198429773400458531e-001, 3.23772004269511026742e-001, 5.31659773740661090180e-001, 3.67879441171442334024e-001, 3.68303098042746912544e-001, 3.68016222319841601607e-001, 2.23559956389274200328e-001, 5.31779218203723980096e-001, 
3.67879441171442334024e-001, 5.05874588097128485842e-001, 2.24154938213846688377e-001, 4.43317958769163245059e-001, 1.35881799243995210480e-001, 2.03583993371783122939e-001, 2.25893837625894378096e-001, 2.89529925739039850630e-001, 1.99540219032493637563e-001, 6.06530659712633424263e-001, 2.23141285019209378859e-001, 4.81290964810937027529e-001, 1.89472358397221402049e-001, 2.23130160148429818046e-001, 3.67879441171442334024e-001, 1.36161003692457593939e-001, 5.29943562998007933196e-001, 1.35556033782797652476e-001, 4.72768659266920021622e-001, 7.50145645750140976915e-001, 
2.95735170095919208677e-001, 8.21871011202686019281e-001, 3.68916801006147154762e-001, 3.13881417457682498906e-001, 2.23165751155162489505e-001, 1.35403803169961006736e-001, 2.23284891365972404387e-001, 3.67879441171318655179e-001],
[2.07937194544666886786e-001, 3.17153776073658189016e-001, 2.68872921147815469034e-001, 2.42218874177697968131e-001, 1.88653188731788962196e-001, 3.57805912054678154632e-001, 2.75038599437631703370e-001, 3.24403860704597091225e-001, 3.54195736585739107127e-001, 5.50142530918531380557e-001, 3.74796495331514878391e-001, 5.24706469945379727626e-001, 8.32119294861412339692e-001, 7.69650532579255530763e-001, 5.27725789267573186514e-001, 4.82383774904476925194e-001, 8.82102287892644998379e-001, 8.34447571220062522812e-001, 8.22884993647258866645e-001, 1.00000000000000000000e+000, 
5.96663259148481062155e-001, 5.62801472593078888629e-001, 5.99375651039139811793e-001, 9.33573842627953731643e-001, 4.99196275085732721344e-001, 7.85440825061014313846e-001, 3.02790722753863261740e-001, 3.03597922863624469780e-001, 6.90694034380770371939e-001, 4.99104978064498105983e-001, 6.92398870330070304036e-001, 6.01760778318987110680e-001, 1.83696985482582758609e-001, 3.57764839783881516411e-001, 4.37516557277092543732e-001, 3.02722471611319432494e-001, 5.65466000210281816152e-001, 5.65296267460901558088e-001, 3.43070823548323300400e-001, 6.02771129936349625567e-001, 
3.02722471611319432494e-001, 4.16299133515791341953e-001, 3.43412647718649433060e-001, 5.71234484374744000412e-001, 2.08539146314367540569e-001, 2.93145822867062699757e-001, 3.44506554430348888030e-001, 3.48077593526807838042e-001, 3.06487496599751330084e-001, 4.99104978064498105983e-001, 1.83655175179196578084e-001, 5.40164922605251507370e-001, 2.22861106246827589406e-001, 1.83610460416252535554e-001, 3.02722471611319432494e-001, 2.09117982468430774201e-001, 5.59422806139501682665e-001, 1.11596430636900875721e-001, 5.20835982232049632401e-001, 7.73495195905385291013e-001, 
4.54378149609472758996e-001, 6.76311704189615614524e-001, 3.03663592301885665314e-001, 3.28566674072618580826e-001, 1.83649985278936972444e-001, 2.07972954774233026454e-001, 3.42913568684114600238e-001, 3.02722471615635091435e-001],
