2.799424181471268924e-01 2.689894432980856065e-01 2.845931850638112603e-01 9.053010637041673803e-02 4.823987873056444498e-01 1.875985540820324787e-02 6.976282413346568401e-01 2.008538162329542298e-01
4.982813032215540616e-01 4.787856418707113204e-01 5.065593991798758022e-01 1.611383500993034679e-01 -2.710193662826193561e-01 -1.053958728354456066e-02 -3.919387213292940819e-01 -1.128428914486692691e-01
3.555262638561026423e-01 -4.066552012874711797e-01 2.430354824623830873e-02 3.250244702142633668e-02 6.619014929726471097e-01 -6.731168007032092837e-02 -4.952363672830168984e-01 1.366822713509014686e-01
5.517131269674686589e-01 -6.310560864518961477e-01 3.771475686185446485e-02 5.043798026562752029e-02 -4.265321112274664817e-01 4.337593027887085007e-02 3.191324019306520654e-01 -8.807863161758168469e-02
-2.688786802635835249e-01 -2.145192347254199772e-01 5.057357855778691347e-01 -1.210094739844090883e-01 -3.897569376318175266e-02 -7.791357606815432213e-01 5.091692204062955862e-02 -1.046921187416275517e-02
-3.371726427768995671e-01 -2.690061451802058801e-01 6.341903761316360910e-01 -1.517453302893613798e-01 3.108120817600371066e-02 6.213226356470311629e-01 -4.060375328382219429e-02 8.348684071580510929e-03
-2.143715113133299044e-01 -1.155044307657696612e-01 4.438122397252183826e-02 8.665687145079938869e-01 1.157228404038738168e-01 2.385403265992601125e-03 3.960625334605465814e-02 -4.157239833848708210e-01
-1.030796101169453166e-01 -5.553980385347415116e-02 2.134051878243222594e-02 4.166858025293527779e-01 -2.406652505059453939e-01 -4.960850187954495005e-03 -8.236791328197722029e-02 8.645684486612483788e-01
