3.516701189737547195e-01 1.608123636465438600e-01 4.792715116738030523e-01 3.475145021683339053e-01 3.916611109689438486e-01 3.689681474253105886e-01 4.587636432195849046e-01 9.060136147604046885e-18
3.516701189737548860e-01 1.608123636465434159e-01 4.792715116738024972e-01 3.475145021683337387e-01 -3.916611109689444037e-01 -3.689681474253108107e-01 -4.587636432195850156e-01 5.444753456277793164e-17
2.252699306463858964e-01 -6.640284237367233278e-01 -8.348739584119468926e-03 9.082956216811234607e-02 5.764788474041326882e-01 -1.285363967040547561e-01 -3.887808292829530998e-01 3.832858134196198528e-17
2.252699306463860074e-01 -6.640284237367237719e-01 -8.348739584119857504e-03 9.082956216811187422e-02 -5.764788474041325772e-01 1.285363967040546451e-01 3.887808292829532664e-01 -6.047559551782969892e-17
-3.321277156906884964e-01 -1.610737648894558505e-01 5.196782671182986757e-01 -3.060733922106651517e-01 -1.194726439406755270e-01 5.893563445894786090e-01 -3.720018634925805756e-01 2.734621875695708434e-17
-3.321277156906884409e-01 -1.610737648894556839e-01 5.196782671182986757e-01 -3.060733922106649851e-01 1.194726439406753327e-01 -5.893563445894787201e-01 3.720018634925805201e-01 -4.447314474230774990e-17
-4.639749629426600519e-01 -8.521078823992946083e-02 -1.279122082471365052e-02 5.265954234511541765e-01 -8.326672684688674053e-17 8.326672684688674053e-17 0.000000000000000000e+00 -7.071067811865474617e-01
-4.639749629426600519e-01 -8.521078823992946083e-02 -1.279122082471365052e-02 5.265954234511541765e-01 -8.326672684688674053e-17 8.326672684688674053e-17 0.000000000000000000e+00 7.071067811865475727e-01
