>> matlab_simple

dim =

     2


ans =

     2


level =

     3


Gridlevel =

     3


print =

number of grid points = 17


print =

length of alpha vector = 17

 
ans =
 
[1, 0.75, 0.75, 0.4375, 0.9375, 0.9375, 0.4375, 0.75, 0.75, 0.4375, 0.9375, 0.9375, 0.4375, 0.5625, 0.5625, 0.5625, 0.5625]
 
 
ans =
 
[1, 0.25, 0.25, 0.0625, 0.0625, 0.0625, 0.0625, 0.25, 0.25, 0.0625, 0.0625, 0.0625, 0.0625, 0.0625, 0.0625, 0.0625, 0.0625]
 

print =

u(0.52,0.73) = 0.7696